% -------------------------------------------------------------------
%  Generated by MATLAB on 3-May-2019 12:36:53
%  MATLAB version: 9.5.0.944444 (R2018b)
% -------------------------------------------------------------------
                                          

Thruster_Config = struct;
Thruster_Config.kv1 = 725.46893270308192;
Thruster_Config.kv2 = 737.15638893221967;
Thruster_Config.dv1 = -0.83;
Thruster_Config.dv2 = 0.86;
Thruster_Config.cTn = 0.00097348479927897085;
Thruster_Config.cQn = 2.8042064743470575E-6;
Thruster_Config.kn = 13.663760795521869;
Thruster_Config.kq = 1855.0677314110758;

