% -------------------------------------------------------------------
%  Generated by MATLAB on 23-Jul-2018 17:16:57
%  MATLAB version: 9.4.0.813654 (R2018a)
% -------------------------------------------------------------------
                                          

Thruster_Config = struct;
Thruster_Config.D = 0.1151;
Thruster_Config.L = 0.075;
Thruster_Config.kt = 0.62387526697412321;
Thruster_Config.kn1 = 11.303598506262574;
Thruster_Config.kv = 5517.144509727661;
Thruster_Config.kq = 646.1178552523445;
Thruster_Config.ku1 = 11.611304671926714;
Thruster_Config.ku2 = 13.333333333333334;
Thruster_Config.cT1 = 5.8077814243718646E-5;
Thruster_Config.cT2 = 5.0182902270344906E-5;
Thruster_Config.dT1 = -2.919415724380797;
Thruster_Config.dT2 = 0.1993794627309835;
Thruster_Config.cQ1 = -8.3347507198191815E-6;
Thruster_Config.cQ2 = -1.72093459186964E-5;
Thruster_Config.dQ1 = -1.9624546609880436;
Thruster_Config.dQ2 = 1.748304636810305;
Thruster_Config.alpha2 = 1.2463041951327594E-5;
Thruster_Config.beta2 = 0.0002958988761095463;
Thruster_Config.RH_prop = true;

