% -------------------------------------------------------------------
%  Generated by MATLAB on 7-May-2019 17:43:49
%  MATLAB version: 9.5.0.944444 (R2018b)
% -------------------------------------------------------------------
                                            

Thruster_Config = struct;
Thruster_Config.kv1 = 725.46893270308192;
Thruster_Config.kv2 = 737.15638893221967;
Thruster_Config.dv1 = -0.83;
Thruster_Config.dv2 = 0.86;
Thruster_Config.cTn = 0.0014669338173602373;
Thruster_Config.cTnv = 0.41462749181726205;
Thruster_Config.cQn = 2.8042071578479467E-6;
Thruster_Config.cQnv = 1.2955991957075609E-11;
Thruster_Config.kn = 13.66344684408833;
Thruster_Config.kq = 1856.3352753151482;
Thruster_Config.kv = 1.1423695805207439;
Thruster_Config.kvv = 63.436098199390443;
Thruster_Config.kt = 0.012422300984083832;
Thruster_Config.kV = 0.23959234032254248;
Thruster_Config.kVV = 1.2583238901323694;
Thruster_Config.kTV = 0.0048550392628607655;

