% -------------------------------------------------------------------
%  Generated by MATLAB on 7-May-2019 18:26:15
%  MATLAB version: 9.5.0.944444 (R2018b)
% -------------------------------------------------------------------
                                             

Thruster_Config = struct;
Thruster_Config.kv1 = 725.46893270308192;
Thruster_Config.kv2 = 737.15638893221967;
Thruster_Config.dv1 = -0.83;
Thruster_Config.dv2 = 0.86;
Thruster_Config.cTn = 0.0014656899910555075;
Thruster_Config.cTnv = 0.37553540331171242;
Thruster_Config.cTv = 37.713721299329748;
Thruster_Config.cQn = 2.8042071441281492E-6;
Thruster_Config.cQnv = 9.9484065861301179E-12;
Thruster_Config.cQv = 9.9750658310344171E-8;
Thruster_Config.kn = 13.663463674168158;
Thruster_Config.kq = 1856.2731147969894;
Thruster_Config.kv = 1.1020642809240777;
Thruster_Config.kvv = 67.372171360883556;
Thruster_Config.kt = 0.012316254458594014;
Thruster_Config.kV = 0.23959234032254248;
Thruster_Config.kVV = 1.2583238901323694;
Thruster_Config.kTV = 0.0048550392628607655;

