% -------------------------------------------------------------------
%  Generated by MATLAB on 23-Jul-2018 01:07:54
%  MATLAB version: 9.4.0.813654 (R2018a)
% -------------------------------------------------------------------
                                          

Thruster_Config = struct;
Thruster_Config.D = 0.1151;
Thruster_Config.L = 0.07;
Thruster_Config.kt = 0.66843778604370341;
Thruster_Config.kn1 = 11.303598506262574;
Thruster_Config.kv = 5517.144509727661;
Thruster_Config.kq = 523.094741666431;
Thruster_Config.ku1 = 8.5056563103309267E-12;
Thruster_Config.ku2 = 14.285714285714285;
Thruster_Config.cT1 = 5.8077814243718646E-5;
Thruster_Config.cT2 = 5.0182902270344906E-5;
Thruster_Config.dT1 = -2.919415724380797;
Thruster_Config.dT2 = 0.1993794627309835;
Thruster_Config.cQ1 = -8.3347507198191815E-6;
Thruster_Config.cQ2 = -1.72093459186964E-5;
Thruster_Config.dQ1 = -1.9624546609880436;
Thruster_Config.dQ2 = 1.748304636810305;
Thruster_Config.alpha2 = 6.4889346031031754E-18;
Thruster_Config.beta2 = 0.00031055077945326738;
Thruster_Config.RH_prop = true;

